COMP	Juice	Well	Day	ABV	DomSP	DomSP_Percent	DF	CR_Count	HU_Count	MP_Count	SC_Count	TD_Count	Total	CR	HU	MP	SC	TD
10	GEW	B2	1	0	CR	96	4	428	88	5	6	0	527	0.812144213	0.166982922	0.009487666	0.011385199	0
10	GEW	C2	1	0	HU	96	4	0	940	0	2	0	942	0	0.997876858	0	0.002123142	0
10	GEW	D2	1	0	MP	96	4	0	0	195	0	0	195	0	0	1	0	0
10	GEW	E2	1	0	SC	96	4	2	52	0	548	0	602	0.003322259	0.086378738	0	0.910299003	0
10	GEW	F2	1	0	TD	96	4	0	20	0	16	404	440	0	0.045454545	0	0.036363636	0.918181818
10	GEW	B3	1	0	CR	96	4	394	71	2	12	0	479	0.822546973	0.14822547	0.004175365	0.025052192	0
10	GEW	C3	1	0	HU	96	4	0	1008	0	4	0	1012	0	0.996047431	0	0.003952569	0
10	GEW	D3	1	0	MP	96	4	0	0	78	0	0	78	0	0	1	0	0
10	GEW	E3	1	0	SC	96	4	0	92	0	556	0	648	0	0.141975309	0	0.858024691	0
10	GEW	F3	1	0	TD	96	4	0	3	0	0	412	415	0	0.007228916	0	0	0.992771084
10	GEW	B4	1	0	CR	96	4	408	72	0	3	1	484	0.842975207	0.148760331	0	0.006198347	0.002066116
10	GEW	C4	1	0	HU	96	4	0	1024	0	5	0	1029	0	0.995140914	0	0.004859086	0
10	GEW	D4	1	0	MP	96	4	0	0	112	1	1	114	0	0	0.98245614	0.00877193	0.00877193
10	GEW	E4	1	0	SC	96	4	1	44	0	676	0	721	0.001386963	0.061026352	0	0.937586685	0
10	GEW	F4	1	0	TD	96	4	0	9	1	8	612	630	0	0.014285714	0.001587302	0.012698413	0.971428571
10	GEW	B5	1	2	CR	96	4	137	58	3	4	0	202	0.678217822	0.287128713	0.014851485	0.01980198	0
10	GEW	C5	1	2	HU	96	4	0	644	0	1	0	645	0	0.998449612	0	0.001550388	0
10	GEW	D5	1	2	MP	96	4	0	1	98	2	5	106	0	0.009433962	0.924528302	0.018867925	0.047169811
10	GEW	E5	1	2	SC	96	4	0	14	0	412	0	426	0	0.03286385	0	0.96713615	0
10	GEW	F5	1	2	TD	96	4	0	6	0	15	260	281	0	0.021352313	0	0.053380783	0.925266904
10	GEW	B6	1	2	CR	96	4	154	43	1	6	0	204	0.754901961	0.210784314	0.004901961	0.029411765	0
10	GEW	C6	1	2	HU	96	4	0	548	2	0	2	552	0	0.992753623	0.003623188	0	0.003623188
10	GEW	D6	1	2	MP	96	4	0	0	129	4	3	136	0	0	0.948529412	0.029411765	0.022058824
10	GEW	E6	1	2	SC	96	4	0	4	0	704	0	708	0	0.005649718	0	0.994350282	0
10	GEW	F6	1	2	TD	96	4	0	1	0	6	356	363	0	0.002754821	0	0.016528926	0.980716253
10	GEW	B7	1	2	CR	96	4	52	15	1	5	2	75	0.693333333	0.2	0.013333333	0.066666667	0.026666667
10	GEW	C7	1	2	HU	96	4	0	249	0	11	0	260	0	0.957692308	0	0.042307692	0
10	GEW	D7	1	2	MP	96	4	0	1	73	2	0	76	0	0.013157895	0.960526316	0.026315789	0
10	GEW	E7	1	2	SC	96	4	0	0	0	560	0	560	0	0	0	1	0
10	GEW	F7	1	2	TD	96	4	0	3	0	3	236	242	0	0.012396694	0	0.012396694	0.975206612
10	GEW	B8	1	5	CR	96	4	58	2	0	11	1	72	0.805555556	0.027777778	0	0.152777778	0.013888889
10	GEW	C8	1	5	HU	96	4	0	90	0	2	0	92	0	0.97826087	0	0.02173913	0
10	GEW	D8	1	5	MP	96	4	0	0	36	0	0	36	0	0	1	0	0
10	GEW	E8	1	5	SC	96	4	0	0	0	700	0	700	0	0	0	1	0
10	GEW	F8	1	5	TD	96	4	0	7	0	0	159	166	0	0.042168675	0	0	0.957831325
10	GEW	B9	1	5	CR	96	4	32	3	1	2	0	38	0.842105263	0.078947368	0.026315789	0.052631579	0
10	GEW	C9	1	5	HU	96	4	0	16	0	2	0	18	0	0.888888889	0	0.111111111	0
10	GEW	D9	1	5	MP	96	4	0	0	24	7	0	31	0	0	0.774193548	0.225806452	0
10	GEW	E9	1	5	SC	96	4	0	0	0	392	0	392	0	0	0	1	0
10	GEW	F9	1	5	TD	96	4	0	0	0	0	14	14	0	0	0	0	1
10	GEW	B10	1	5	CR	96	4	44	0	0	1	2	47	0.936170213	0	0	0.021276596	0.042553191
10	GEW	C10	1	5	HU	96	4	0	16	0	0	0	16	0	1	0	0	0
10	GEW	D10	1	5	MP	96	4	1	0	34	10	0	45	0.022222222	0	0.755555556	0.222222222	0
10	GEW	E10	1	5	SC	96	4	0	0	0	572	0	572	0	0	0	1	0
10	GEW	F10	1	5	TD	96	4	0	0	0	8	102	110	0	0	0	0.072727273	0.927272727
10	GEW	B2	3	0	CR	96	4	0	1104	0	28	0	1132	0	0.975265018	0	0.024734982	0
10	GEW	C2	3	0	HU	96	4	0	572	0	3	0	575	0	0.994782609	0	0.005217391	0
10	GEW	D2	3	0	MP	96	4	0	0	98	13	0	111	0	0	0.882882883	0.117117117	0
10	GEW	E2	3	0	SC	96	4	0	760	1	208	0	969	0	0.784313725	0.001031992	0.214654283	0
10	GEW	F2	3	0	TD	96	4	0	320	0	7	440	767	0	0.417209909	0	0.009126467	0.573663625
10	GEW	B3	3	0	CR	96	4	0	972	0	45	0	1017	0	0.955752212	0	0.044247788	0
10	GEW	C3	3	0	HU	96	4	0	780	0	7	0	787	0	0.991105464	0	0.008894536	0
10	GEW	D3	3	0	MP	96	4	0	0	51	0	0	51	0	0	1	0	0
10	GEW	E3	3	0	SC	96	4	0	544	0	336	0	880	0	0.618181818	0	0.381818182	0
10	GEW	F3	3	0	TD	96	4	0	43	0	10	684	737	0	0.05834464	0	0.013568521	0.928086839
10	GEW	B4	3	0	CR	96	4	0	688	0	55	0	743	0	0.925975774	0	0.074024226	0
10	GEW	C4	3	0	HU	96	4	0	1124	0	19	0	1143	0	0.983377078	0	0.016622922	0
10	GEW	D4	3	0	MP	96	4	0	0	85	38	0	123	0	0	0.691056911	0.308943089	0
10	GEW	E4	3	0	SC	96	4	0	636	0	252	0	888	0	0.716216216	0	0.283783784	0
10	GEW	F4	3	0	TD	96	4	0	36	0	22	468	526	0	0.068441065	0	0.041825095	0.88973384
10	GEW	B5	3	2	CR	96	4	1	732	0	56	0	789	0.001267427	0.927756654	0	0.070975919	0
10	GEW	C5	3	2	HU	96	4	0	428	0	0	0	428	0	1	0	0	0
10	GEW	D5	3	2	MP	96	4	0	3	15	129	5	152	0	0.019736842	0.098684211	0.848684211	0.032894737
10	GEW	E5	3	2	SC	96	4	0	196	0	180	0	376	0	0.521276596	0	0.478723404	0
10	GEW	F5	3	2	TD	96	4	0	80	0	12	292	384	0	0.208333333	0	0.03125	0.760416667
10	GEW	B6	3	2	CR	96	4	0	596	0	140	0	736	0	0.809782609	0	0.190217391	0
10	GEW	C6	3	2	HU	96	4	0	780	0	2	0	782	0	0.997442455	0	0.002557545	0
10	GEW	D6	3	2	MP	96	4	0	152	11	81	3	247	0	0.615384615	0.044534413	0.327935223	0.012145749
10	GEW	E6	3	2	SC	96	4	0	152	0	216	0	368	0	0.413043478	0	0.586956522	0
10	GEW	F6	3	2	TD	96	4	0	24	0	104	144	272	0	0.088235294	0	0.382352941	0.529411765
10	GEW	B7	3	2	CR	96	4	0	472	0	76	0	548	0	0.861313869	0	0.138686131	0
10	GEW	C7	3	2	HU	96	4	0	300	0	0	0	300	0	1	0	0	0
10	GEW	D7	3	2	MP	96	4	0	304	5	88	0	397	0	0.765743073	0.012594458	0.221662469	0
10	GEW	E7	3	2	SC	96	4	0	2	0	436	0	438	0	0.00456621	0	0.99543379	0
10	GEW	F7	3	2	TD	96	4	0	12	0	140	96	248	0	0.048387097	0	0.564516129	0.387096774
10	GEW	B8	3	5	CR	96	4	5	88	0	632	0	725	0.006896552	0.12137931	0	0.871724138	0
10	GEW	C8	3	5	HU	96	4	0	168	0	112	0	280	0	0.6	0	0.4	0
10	GEW	D8	3	5	MP	96	4	2	1	0	408	0	411	0.00486618	0.00243309	0	0.99270073	0
10	GEW	E8	3	5	SC	96	4	0	0	0	300	0	300	0	0	0	1	0
10	GEW	F8	3	5	TD	96	4	0	0	0	236	64	300	0	0	0	0.786666667	0.213333333
10	GEW	B9	3	5	CR	96	4	0	2	0	360	0	362	0	0.005524862	0	0.994475138	0
10	GEW	C9	3	5	HU	96	4	0	28	0	192	0	220	0	0.127272727	0	0.872727273	0
10	GEW	D9	3	5	MP	96	4	0	0	0	208	0	208	0	0	0	1	0
10	GEW	E9	3	5	SC	96	4	0	0	0	332	0	332	0	0	0	1	0
10	GEW	F9	3	5	TD	96	4	0	0	0	520	44	564	0	0	0	0.921985816	0.078014184
10	GEW	B10	3	5	CR	96	4	12	2	0	216	0	230	0.052173913	0.008695652	0	0.939130435	0
10	GEW	C10	3	5	HU	96	4	0	26	0	76	0	102	0	0.254901961	0	0.745098039	0
10	GEW	D10	3	5	MP	96	4	0	0	0	320	0	320	0	0	0	1	0
10	GEW	E10	3	5	SC	96	4	0	0	0	360	0	360	0	0	0	1	0
10	GEW	F10	3	5	TD	96	4	0	0	0	332	40	372	0	0	0	0.892473118	0.107526882
10	GEW	B2	5	0	CR	96	5	NA	NA	NA	NA	NA	0	NA	NA	NA	NA	NA
10	GEW	C2	5	0	HU	96	5	NA	NA	NA	NA	NA	0	NA	NA	NA	NA	NA
10	GEW	D2	5	0	MP	96	5	NA	NA	NA	NA	NA	0	NA	NA	NA	NA	NA
10	GEW	E2	5	0	SC	96	5	NA	NA	NA	NA	NA	0	NA	NA	NA	NA	NA
10	GEW	F2	5	0	TD	96	5	NA	NA	NA	NA	NA	0	NA	NA	NA	NA	NA
10	GEW	B3	5	0	CR	96	5	NA	NA	NA	NA	NA	0	NA	NA	NA	NA	NA
10	GEW	C3	5	0	HU	96	5	NA	NA	NA	NA	NA	0	NA	NA	NA	NA	NA
10	GEW	D3	5	0	MP	96	5	NA	NA	NA	NA	NA	0	NA	NA	NA	NA	NA
10	GEW	E3	5	0	SC	96	5	NA	NA	NA	NA	NA	0	NA	NA	NA	NA	NA
10	GEW	F3	5	0	TD	96	5	NA	NA	NA	NA	NA	0	NA	NA	NA	NA	NA
10	GEW	B4	5	0	CR	96	5	NA	NA	NA	NA	NA	0	NA	NA	NA	NA	NA
10	GEW	C4	5	0	HU	96	5	NA	NA	NA	NA	NA	0	NA	NA	NA	NA	NA
10	GEW	D4	5	0	MP	96	5	NA	NA	NA	NA	NA	0	NA	NA	NA	NA	NA
10	GEW	E4	5	0	SC	96	5	NA	NA	NA	NA	NA	0	NA	NA	NA	NA	NA
10	GEW	F4	5	0	TD	96	5	NA	NA	NA	NA	NA	0	NA	NA	NA	NA	NA
10	GEW	B5	5	2	CR	96	5	NA	NA	NA	NA	NA	0	NA	NA	NA	NA	NA
10	GEW	C5	5	2	HU	96	5	NA	NA	NA	NA	NA	0	NA	NA	NA	NA	NA
10	GEW	D5	5	2	MP	96	5	NA	NA	NA	NA	NA	0	NA	NA	NA	NA	NA
10	GEW	E5	5	2	SC	96	5	NA	NA	NA	NA	NA	0	NA	NA	NA	NA	NA
10	GEW	F5	5	2	TD	96	5	NA	NA	NA	NA	NA	0	NA	NA	NA	NA	NA
10	GEW	B6	5	2	CR	96	5	NA	NA	NA	NA	NA	0	NA	NA	NA	NA	NA
10	GEW	C6	5	2	HU	96	5	NA	NA	NA	NA	NA	0	NA	NA	NA	NA	NA
10	GEW	D6	5	2	MP	96	5	NA	NA	NA	NA	NA	0	NA	NA	NA	NA	NA
10	GEW	E6	5	2	SC	96	5	NA	NA	NA	NA	NA	0	NA	NA	NA	NA	NA
10	GEW	F6	5	2	TD	96	5	NA	NA	NA	NA	NA	0	NA	NA	NA	NA	NA
10	GEW	B7	5	2	CR	96	5	NA	NA	NA	NA	NA	0	NA	NA	NA	NA	NA
10	GEW	C7	5	2	HU	96	5	NA	NA	NA	NA	NA	0	NA	NA	NA	NA	NA
10	GEW	D7	5	2	MP	96	5	NA	NA	NA	NA	NA	0	NA	NA	NA	NA	NA
10	GEW	E7	5	2	SC	96	5	NA	NA	NA	NA	NA	0	NA	NA	NA	NA	NA
10	GEW	F7	5	2	TD	96	5	NA	NA	NA	NA	NA	0	NA	NA	NA	NA	NA
10	GEW	B8	5	5	CR	96	5	NA	NA	NA	NA	NA	0	NA	NA	NA	NA	NA
10	GEW	C8	5	5	HU	96	5	NA	NA	NA	NA	NA	0	NA	NA	NA	NA	NA
10	GEW	D8	5	5	MP	96	5	NA	NA	NA	NA	NA	0	NA	NA	NA	NA	NA
10	GEW	E8	5	5	SC	96	5	NA	NA	NA	NA	NA	0	NA	NA	NA	NA	NA
10	GEW	F8	5	5	TD	96	5	NA	NA	NA	NA	NA	0	NA	NA	NA	NA	NA
10	GEW	B9	5	5	CR	96	5	NA	NA	NA	NA	NA	0	NA	NA	NA	NA	NA
10	GEW	C9	5	5	HU	96	5	NA	NA	NA	NA	NA	0	NA	NA	NA	NA	NA
10	GEW	D9	5	5	MP	96	5	NA	NA	NA	NA	NA	0	NA	NA	NA	NA	NA
10	GEW	E9	5	5	SC	96	5	NA	NA	NA	NA	NA	0	NA	NA	NA	NA	NA
10	GEW	F9	5	5	TD	96	5	NA	NA	NA	NA	NA	0	NA	NA	NA	NA	NA
10	GEW	B10	5	5	CR	96	5	NA	NA	NA	NA	NA	0	NA	NA	NA	NA	NA
10	GEW	C10	5	5	HU	96	5	NA	NA	NA	NA	NA	0	NA	NA	NA	NA	NA
10	GEW	D10	5	5	MP	96	5	NA	NA	NA	NA	NA	0	NA	NA	NA	NA	NA
10	GEW	E10	5	5	SC	96	5	NA	NA	NA	NA	NA	0	NA	NA	NA	NA	NA
10	GEW	F10	5	5	TD	96	5	NA	NA	NA	NA	NA	0	NA	NA	NA	NA	NA
10	GEW	B2	7	0	CR	96	4	0	120	0	9	0	129	0	0.930232558	0	0.069767442	0
10	GEW	C2	7	0	HU	96	4	0	94	0	7	0	101	0	0.930693069	0	0.069306931	0
10	GEW	D2	7	0	MP	96	4	0	0	14	12	0	26	0	0	0.538461538	0.461538462	0
10	GEW	E2	7	0	SC	96	4	0	76	0	18	0	94	0	0.808510638	0	0.191489362	0
10	GEW	F2	7	0	TD	96	4	0	77	0	10	14	101	0	0.762376238	0	0.099009901	0.138613861
10	GEW	B3	7	0	CR	96	4	0	75	0	24	0	99	0	0.757575758	0	0.242424242	0
10	GEW	C3	7	0	HU	96	4	0	52	0	22	0	74	0	0.702702703	0	0.297297297	0
10	GEW	D3	7	0	MP	96	4	0	0	8	57	0	65	0	0	0.123076923	0.876923077	0
10	GEW	E3	7	0	SC	96	4	0	45	0	32	0	77	0	0.584415584	0	0.415584416	0
10	GEW	F3	7	0	TD	96	4	0	3	0	5	72	80	0	0.0375	0	0.0625	0.9
10	GEW	B4	7	0	CR	96	4	0	80	0	30	0	110	0	0.727272727	0	0.272727273	0
10	GEW	C4	7	0	HU	96	4	0	52	0	34	0	86	0	0.604651163	0	0.395348837	0
10	GEW	D4	7	0	MP	96	4	0	0	0	102	0	102	0	0	0	1	0
10	GEW	E4	7	0	SC	96	4	0	37	0	30	0	67	0	0.552238806	0	0.447761194	0
10	GEW	F4	7	0	TD	96	4	0	45	0	37	8	90	0	0.5	0	0.411111111	0.088888889
10	GEW	B5	7	2	CR	96	4	0	65	0	22	0	87	0	0.747126437	0	0.252873563	0
10	GEW	C5	7	2	HU	96	4	0	53	0	36	0	89	0	0.595505618	0	0.404494382	0
10	GEW	D5	7	2	MP	96	4	0	31	0	65	0	96	0	0.322916667	0	0.677083333	0
10	GEW	E5	7	2	SC	96	4	0	36	0	30	0	66	0	0.545454545	0	0.454545455	0
10	GEW	F5	7	2	TD	96	4	0	32	0	25	3	60	0	0.533333333	0	0.416666667	0.05
10	GEW	B6	7	2	CR	96	4	0	44	0	36	0	80	0	0.55	0	0.45	0
10	GEW	C6	7	2	HU	96	4	0	65	0	16	0	81	0	0.802469136	0	0.197530864	0
10	GEW	D6	7	2	MP	96	4	0	34	0	22	0	56	0	0.607142857	0	0.392857143	0
10	GEW	E6	7	2	SC	96	4	0	33	0	34	0	67	0	0.492537313	0	0.507462687	0
10	GEW	F6	7	2	TD	96	4	0	49	0	29	0	78	0	0.628205128	0	0.371794872	0
10	GEW	B7	7	2	CR	96	4	0	44	0	16	0	60	0	0.733333333	0	0.266666667	0
10	GEW	C7	7	2	HU	96	4	0	28	0	16	0	44	0	0.636363636	0	0.363636364	0
10	GEW	D7	7	2	MP	96	4	0	19	0	33	0	52	0	0.365384615	0	0.634615385	0
10	GEW	E7	7	2	SC	96	4	0	11	0	54	0	65	0	0.169230769	0	0.830769231	0
10	GEW	F7	7	2	TD	96	4	0	47	0	25	0	72	0	0.652777778	0	0.347222222	0
10	GEW	B8	7	5	CR	96	4	0	48	0	33	0	81	0	0.592592593	0	0.407407407	0
10	GEW	C8	7	5	HU	96	4	0	20	0	31	0	51	0	0.392156863	0	0.607843137	0
10	GEW	D8	7	5	MP	96	4	0	3	0	52	0	55	0	0.054545455	0	0.945454545	0
10	GEW	E8	7	5	SC	96	4	0	0	0	83	0	83	0	0	0	1	0
10	GEW	F8	7	5	TD	96	4	0	35	0	25	0	60	0	0.583333333	0	0.416666667	0
10	GEW	B9	7	5	CR	96	4	0	20	0	44	0	64	0	0.3125	0	0.6875	0
10	GEW	C9	7	5	HU	96	4	0	23	0	20	0	43	0	0.534883721	0	0.465116279	0
10	GEW	D9	7	5	MP	96	4	0	0	0	91	0	91	0	0	0	1	0
10	GEW	E9	7	5	SC	96	4	0	0	0	87	0	87	0	0	0	1	0
10	GEW	F9	7	5	TD	96	4	0	5	0	58	0	63	0	0.079365079	0	0.920634921	0
10	GEW	B10	7	5	CR	96	4	0	26	0	39	0	65	0	0.4	0	0.6	0
10	GEW	C10	7	5	HU	96	4	0	28	0	36	0	64	0	0.4375	0	0.5625	0
10	GEW	D10	7	5	MP	96	4	0	1	0	94	0	95	0	0.010526316	0	0.989473684	0
10	GEW	E10	7	5	SC	96	4	0	2	0	72	0	74	0	0.027027027	0	0.972972973	0
10	GEW	F10	7	5	TD	96	4	0	1	0	77	0	78	0	0.012820513	0	0.987179487	0
9	GEW	B2	1	0	CR	96	5	18	1	0	0	0	19	0.947368421	0.052631579	0	0	0
9	GEW	C2	1	0	HU	96	5	0	129	0	0	0	129	0	1	0	0	0
9	GEW	D2	1	0	MP	96	5	0	0	9	0	0	9	0	0	1	0	0
9	GEW	E2	1	0	SC	96	5	0	3	0	54	0	57	0	0.052631579	0	0.947368421	0
9	GEW	F2	1	0	TD	96	5	0	2	0	0	87	89	0	0.02247191	0	0	0.97752809
9	GEW	B3	1	0	CR	96	5	46	4	0	0	0	50	0.92	0.08	0	0	0
9	GEW	C3	1	0	HU	96	5	0	93	0	0	0	93	0	1	0	0	0
9	GEW	D3	1	0	MP	96	5	0	0	6	0	0	6	0	0	1	0	0
9	GEW	E3	1	0	SC	96	5	0	0	0	38	0	38	0	0	0	1	0
9	GEW	F3	1	0	TD	96	5	0	0	0	2	125	127	0	0	0	0.015748031	0.984251969
9	GEW	B4	1	0	CR	96	5	24	5	0	0	0	29	0.827586207	0.172413793	0	0	0
9	GEW	C4	1	0	HU	96	5	0	112	0	0	0	112	0	1	0	0	0
9	GEW	D4	1	0	MP	96	5	0	0	4	0	0	4	0	0	1	0	0
9	GEW	E4	1	0	SC	96	5	0	0	0	50	0	50	0	0	0	1	0
9	GEW	F4	1	0	TD	96	5	0	0	0	0	53	53	0	0	0	0	1
9	GEW	B5	1	2	CR	96	5	22	2	0	0	0	24	0.916666667	0.083333333	0	0	0
9	GEW	C5	1	2	HU	96	5	0	113	0	0	0	113	0	1	0	0	0
9	GEW	D5	1	2	MP	96	5	0	0	1	0	0	1	0	0	1	0	0
9	GEW	E5	1	2	SC	96	5	0	0	0	30	0	30	0	0	0	1	0
9	GEW	F5	1	2	TD	96	5	0	0	0	0	46	46	0	0	0	0	1
9	GEW	B6	1	2	CR	96	5	20	2	0	0	0	22	0.909090909	0.090909091	0	0	0
9	GEW	C6	1	2	HU	96	5	0	42	0	0	0	42	0	1	0	0	0
9	GEW	D6	1	2	MP	96	5	0	0	2	0	0	2	0	0	1	0	0
9	GEW	E6	1	2	SC	96	5	0	0	0	34	0	34	0	0	0	1	0
9	GEW	F6	1	2	TD	96	5	0	0	0	0	29	29	0	0	0	0	1
9	GEW	B7	1	2	CR	96	5	17	1	0	0	0	18	0.944444444	0.055555556	0	0	0
9	GEW	C7	1	2	HU	96	5	0	20	0	0	0	20	0	1	0	0	0
9	GEW	D7	1	2	MP	96	5	0	0	4	0	0	4	0	0	1	0	0
9	GEW	E7	1	2	SC	96	5	0	0	0	25	0	25	0	0	0	1	0
9	GEW	F7	1	2	TD	96	5	0	0	0	0	45	45	0	0	0	0	1
9	GEW	B8	1	5	CR	96	4	45	0	0	6	0	51	0.882352941	0	0	0.117647059	0
9	GEW	C8	1	5	HU	96	4	0	6	0	0	0	6	0	1	0	0	0
9	GEW	D8	1	5	MP	96	4	0	0	10	4	0	14	0	0	0.714285714	0.285714286	0
9	GEW	E8	1	5	SC	96	5	0	0	0	40	0	40	0	0	0	1	0
9	GEW	F8	1	5	TD	96	5	0	0	0	0	22	22	0	0	0	0	1
9	GEW	B9	1	5	CR	96	4	19	0	0	0	0	19	1	0	0	0	0
9	GEW	C9	1	5	HU	96	4	0	0	0	3	0	3	0	0	0	1	0
9	GEW	D9	1	5	MP	96	4	0	0	10	0	0	10	0	0	1	0	0
9	GEW	E9	1	5	SC	96	5	0	0	0	40	0	40	0	0	0	1	0
9	GEW	F9	1	5	TD	96	5	0	0	0	0	2	2	0	0	0	0	1
9	GEW	B10	1	5	CR	96	4	32	0	0	7	0	39	0.820512821	0	0	0.179487179	0
9	GEW	C10	1	5	HU	96	4	0	0	0	1	0	1	0	0	0	1	0
9	GEW	D10	1	5	MP	96	4	0	0	7	3	0	10	0	0	0.7	0.3	0
9	GEW	E10	1	5	SC	96	5	0	0	0	52	0	52	0	0	0	1	0
9	GEW	F10	1	5	TD	96	5	0	0	0	1	23	24	0	0	0	0.041666667	0.958333333
9	GEW	B2	3	0	CR	96	5	5	97	0	20	0	122	0.040983607	0.795081967	0	0.163934426	0
9	GEW	C2	3	0	HU	96	5	0	180	0	0	0	180	0	1	0	0	0
9	GEW	D2	3	0	MP	96	5	0	0	12	0	0	12	0	0	1	0	0
9	GEW	E2	3	0	SC	96	5	0	60	0	47	0	107	0	0.560747664	0	0.439252336	0
9	GEW	F2	3	0	TD	96	5	0	0	0	0	90	90	0	0	0	0	1
9	GEW	B3	3	0	CR	96	5	6	103	0	17	0	126	0.047619048	0.817460317	0	0.134920635	0
9	GEW	C3	3	0	HU	96	5	0	74	0	1	0	75	0	0.986666667	0	0.013333333	0
9	GEW	D3	3	0	MP	96	5	0	0	10	0	0	10	0	0	1	0	0
9	GEW	E3	3	0	SC	96	5	0	52	0	41	0	93	0	0.559139785	0	0.440860215	0
9	GEW	F3	3	0	TD	96	5	0	0	0	0	37	37	0	0	0	0	1
9	GEW	B4	3	0	CR	96	5	2	61	0	26	0	89	0.02247191	0.685393258	0	0.292134831	0
9	GEW	C4	3	0	HU	96	5	0	102	0	8	0	110	0	0.927272727	0	0.072727273	0
9	GEW	D4	3	0	MP	96	5	0	0	11	0	0	11	0	0	1	0	0
9	GEW	E4	3	0	SC	96	5	0	46	0	60	0	106	0	0.433962264	0	0.566037736	0
9	GEW	F4	3	0	TD	96	5	0	0	0	0	75	75	0	0	0	0	1
9	GEW	B5	3	2	CR	96	5	1	73	0	23	0	97	0.010309278	0.75257732	0	0.237113402	0
9	GEW	C5	3	2	HU	96	5	0	69	0	8	0	77	0	0.896103896	0	0.103896104	0
9	GEW	D5	3	2	MP	96	5	0	0	3	0	0	3	0	0	1	0	0
9	GEW	E5	3	2	SC	96	5	0	12	0	66	0	78	0	0.153846154	0	0.846153846	0
9	GEW	F5	3	2	TD	96	5	0	0	0	0	59	59	0	0	0	0	1
9	GEW	B6	3	2	CR	96	5	0	37	0	25	0	62	0	0.596774194	0	0.403225806	0
9	GEW	C6	3	2	HU	96	5	NA	NA	NA	NA	NA	0	NA	NA	NA	NA	NA
9	GEW	D6	3	2	MP	96	5	0	0	7	0	0	7	0	0	1	0	0
9	GEW	E6	3	2	SC	96	5	NA	NA	NA	NA	NA	0	NA	NA	NA	NA	NA
9	GEW	F6	3	2	TD	96	5	1	0	0	0	71	72	0.013888889	0	0	0	0.986111111
9	GEW	B7	3	2	CR	96	5	0	18	0	38	0	56	0	0.321428571	0	0.678571429	0
9	GEW	C7	3	2	HU	96	5	0	47	0	4	0	51	0	0.921568627	0	0.078431373	0
9	GEW	D7	3	2	MP	96	5	0	2	3	6	0	11	0	0.181818182	0.272727273	0.545454545	0
9	GEW	E7	3	2	SC	96	5	0	0	0	57	0	57	0	0	0	1	0
9	GEW	F7	3	2	TD	96	5	0	0	0	15	31	46	0	0	0	0.326086957	0.673913043
9	GEW	B8	3	5	CR	96	5	0	0	0	118	0	118	0	0	0	1	0
9	GEW	C8	3	5	HU	96	5	0	22	0	25	0	47	0	0.468085106	0	0.531914894	0
9	GEW	D8	3	5	MP	96	5	0	0	0	52	0	52	0	0	0	1	0
9	GEW	E8	3	5	SC	96	5	0	0	0	62	0	62	0	0	0	1	0
9	GEW	F8	3	5	TD	96	5	0	0	0	42	6	48	0	0	0	0.875	0.125
9	GEW	B9	3	5	CR	96	5	1	0	0	104	0	105	0.00952381	0	0	0.99047619	0
9	GEW	C9	3	5	HU	96	5	0	0	0	55	0	55	0	0	0	1	0
9	GEW	D9	3	5	MP	96	5	0	0	2	97	0	99	0	0	0.02020202	0.97979798	0
9	GEW	E9	3	5	SC	96	5	0	0	0	60	0	60	0	0	0	1	0
9	GEW	F9	3	5	TD	96	5	0	0	0	39	7	46	0	0	0	0.847826087	0.152173913
9	GEW	B10	3	5	CR	96	5	0	0	0	90	0	90	0	0	0	1	0
9	GEW	C10	3	5	HU	96	5	0	0	0	72	0	72	0	0	0	1	0
9	GEW	D10	3	5	MP	96	5	0	0	0	90	0	90	0	0	0	1	0
9	GEW	E10	3	5	SC	96	5	0	0	0	75	0	75	0	0	0	1	0
9	GEW	F10	3	5	TD	96	5	0	0	0	38	12	50	0	0	0	0.76	0.24
9	GEW	B2	5	0	CR	96	5	0	105	0	3	0	108	0	0.972222222	0	0.027777778	0
9	GEW	C2	5	0	HU	96	5	0	100	0	0	0	100	0	1	0	0	0
9	GEW	D2	5	0	MP	96	5	0	0	2	0	0	2	0	0	1	0	0
9	GEW	E2	5	0	SC	96	5	0	92	0	9	0	101	0	0.910891089	0	0.089108911	0
9	GEW	F2	5	0	TD	96	5	1	35	0	0	56	92	0.010869565	0.380434783	0	0	0.608695652
9	GEW	B3	5	0	CR	96	5	0	87	0	10	0	97	0	0.896907216	0	0.103092784	0
9	GEW	C3	5	0	HU	96	5	0	113	0	0	0	113	0	1	0	0	0
9	GEW	D3	5	0	MP	96	5	0	0	17	0	0	17	0	0	1	0	0
9	GEW	E3	5	0	SC	96	5	0	109	0	8	0	117	0	0.931623932	0	0.068376068	0
9	GEW	F3	5	0	TD	96	5	2	1	0	0	56	59	0.033898305	0.016949153	0	0	0.949152542
9	GEW	B4	5	0	CR	96	5	0	81	0	10	0	91	0	0.89010989	0	0.10989011	0
9	GEW	C4	5	0	HU	96	5	0	70	0	0	0	70	0	1	0	0	0
9	GEW	D4	5	0	MP	96	5	0	0	2	0	0	2	0	0	1	0	0
9	GEW	E4	5	0	SC	96	5	0	72	0	9	0	81	0	0.888888889	0	0.111111111	0
9	GEW	F4	5	0	TD	96	5	0	0	0	0	82	82	0	0	0	0	1
9	GEW	B5	5	2	CR	96	5	0	96	0	3	0	99	0	0.96969697	0	0.03030303	0
9	GEW	C5	5	2	HU	96	5	0	55	0	0	0	55	0	1	0	0	0
9	GEW	D5	5	2	MP	96	5	0	5	6	1	0	12	0	0.416666667	0.5	0.083333333	0
9	GEW	E5	5	2	SC	96	5	0	90	0	1	0	91	0	0.989010989	0	0.010989011	0
9	GEW	F5	5	2	TD	96	5	0	2	0	2	33	37	0	0.054054054	0	0.054054054	0.891891892
9	GEW	B6	5	2	CR	96	5	0	79	0	14	0	93	0	0.849462366	0	0.150537634	0
9	GEW	C6	5	2	HU	96	5	0	73	0	0	0	73	0	1	0	0	0
9	GEW	D6	5	2	MP	96	5	0	46	0	0	0	46	0	1	0	0	0
9	GEW	E6	5	2	SC	96	5	0	103	0	3	0	106	0	0.971698113	0	0.028301887	0
9	GEW	F6	5	2	TD	96	5	0	30	0	21	25	76	0	0.394736842	0	0.276315789	0.328947368
9	GEW	B7	5	2	CR	96	5	0	58	0	23	0	81	0	0.716049383	0	0.283950617	0
9	GEW	C7	5	2	HU	96	5	0	60	0	0	0	60	0	1	0	0	0
9	GEW	D7	5	2	MP	96	5	0	44	0	18	0	62	0	0.709677419	0	0.290322581	0
9	GEW	E7	5	2	SC	96	5	0	36	0	8	0	44	0	0.818181818	0	0.181818182	0
9	GEW	F7	5	2	TD	96	5	0	1	0	52	10	63	0	0.015873016	0	0.825396825	0.158730159
9	GEW	B8	5	5	CR	96	5	0	32	0	56	0	88	0	0.363636364	0	0.636363636	0
9	GEW	C8	5	5	HU	96	5	0	43	0	0	0	43	0	1	0	0	0
9	GEW	D8	5	5	MP	96	5	0	0	0	107	0	107	0	0	0	1	0
9	GEW	E8	5	5	SC	96	5	0	0	0	10	0	10	0	0	0	1	0
9	GEW	F8	5	5	TD	96	5	0	2	0	71	6	79	0	0.025316456	0	0.898734177	0.075949367
9	GEW	B9	5	5	CR	96	4	0	76	0	273	0	349	0	0.217765043	0	0.782234957	0
9	GEW	C9	5	5	HU	96	4	0	400	0	0	17	417	0	0.959232614	0	0	0.040767386
9	GEW	D9	5	5	MP	96	4	0	0	0	49	0	49	0	0	0	1	0
9	GEW	E9	5	5	SC	96	4	0	0	0	44	0	44	0	0	0	1	0
9	GEW	F9	5	5	TD	96	4	0	0	0	39	7	46	0	0	0	0.847826087	0.152173913
9	GEW	B10	5	5	CR	96	4	1	181	0	121	0	303	0.00330033	0.597359736	0	0.399339934	0
9	GEW	C10	5	5	HU	96	4	0	488	0	25	0	513	0	0.951267057	0	0.048732943	0
9	GEW	D10	5	5	MP	96	4	0	0	0	72	0	72	0	0	0	1	0
9	GEW	E10	5	5	SC	96	4	0	0	0	93	0	93	0	0	0	1	0
9	GEW	F10	5	5	TD	96	4	0	0	0	162	6	168	0	0	0	0.964285714	0.035714286
9	GEW	B2	7	0	CR	96	5	0	180	0	1	0	181	0	0.994475138	0	0.005524862	0
9	GEW	C2	7	0	HU	96	5	0	91	0	0	0	91	0	1	0	0	0
9	GEW	D2	7	0	MP	96	5	0	0	4	0	0	4	0	0	1	0	0
9	GEW	E2	7	0	SC	96	5	0	83	0	0	0	83	0	1	0	0	0
9	GEW	F2	7	0	TD	96	5	0	72	0	1	0	73	0	0.98630137	0	0.01369863	0
9	GEW	B3	7	0	CR	96	5	2	165	0	0	0	167	0.011976048	0.988023952	0	0	0
9	GEW	C3	7	0	HU	96	5	0	87	0	0	0	87	0	1	0	0	0
9	GEW	D3	7	0	MP	96	5	0	0	5	0	0	5	0	0	1	0	0
9	GEW	E3	7	0	SC	96	5	0	49	0	4	0	53	0	0.924528302	0	0.075471698	0
9	GEW	F3	7	0	TD	96	5	2	26	9	4	9	50	0.04	0.52	0.18	0.08	0.18
9	GEW	B4	7	0	CR	96	5	0	141	0	2	0	143	0	0.986013986	0	0.013986014	0
9	GEW	C4	7	0	HU	96	5	0	68	0	0	0	68	0	1	0	0	0
9	GEW	D4	7	0	MP	96	5	0	0	7	0	0	7	0	0	1	0	0
9	GEW	E4	7	0	SC	96	5	0	52	0	0	0	52	0	1	0	0	0
9	GEW	F4	7	0	TD	96	5	0	7	0	4	21	32	0	0.21875	0	0.125	0.65625
9	GEW	B5	7	2	CR	96	5	0	133	0	0	0	133	0	1	0	0	0
9	GEW	C5	7	2	HU	96	5	0	66	0	0	0	66	0	1	0	0	0
9	GEW	D5	7	2	MP	96	5	0	83	0	0	0	83	0	1	0	0	0
9	GEW	E5	7	2	SC	96	5	0	48	0	2	0	50	0	0.96	0	0.04	0
9	GEW	F5	7	2	TD	96	5	0	18	0	10	3	31	0	0.580645161	0	0.322580645	0.096774194
9	GEW	B6	7	2	CR	96	5	0	129	0	3	0	132	0	0.977272727	0	0.022727273	0
9	GEW	C6	7	2	HU	96	5	0	45	0	1	0	46	0	0.97826087	0	0.02173913	0
9	GEW	D6	7	2	MP	96	5	0	49	0	0	0	49	0	1	0	0	0
9	GEW	E6	7	2	SC	96	5	0	40	0	0	0	40	0	1	0	0	0
9	GEW	F6	7	2	TD	96	5	0	33	0	4	0	37	0	0.891891892	0	0.108108108	0
9	GEW	B7	7	2	CR	96	5	0	126	0	3	0	129	0	0.976744186	0	0.023255814	0
9	GEW	C7	7	2	HU	96	5	0	73	0	0	0	73	0	1	0	0	0
9	GEW	D7	7	2	MP	96	5	0	36	0	1	0	37	0	0.972972973	0	0.027027027	0
9	GEW	E7	7	2	SC	96	5	0	56	0	2	0	58	0	0.965517241	0	0.034482759	0
9	GEW	F7	7	2	TD	96	5	0	34	0	15	0	49	0	0.693877551	0	0.306122449	0
9	GEW	B8	7	5	CR	96	5	0	99	0	11	0	110	0	0.9	0	0.1	0
9	GEW	C8	7	5	HU	96	5	0	51	0	0	0	51	0	1	0	0	0
9	GEW	D8	7	5	MP	96	5	0	37	0	5	0	42	0	0.880952381	0	0.119047619	0
9	GEW	E8	7	5	SC	96	5	0	0	0	7	0	7	0	0	0	1	0
9	GEW	F8	7	5	TD	96	5	0	16	0	29	0	45	0	0.355555556	0	0.644444444	0
9	GEW	B9	7	5	CR	96	5	0	147	0	5	0	152	0	0.967105263	0	0.032894737	0
9	GEW	C9	7	5	HU	96	5	0	93	0	0	0	93	0	1	0	0	0
9	GEW	D9	7	5	MP	96	5	0	0	0	5	0	5	0	0	0	1	0
9	GEW	E9	7	5	SC	96	5	0	0	0	50	0	50	0	0	0	1	0
9	GEW	F9	7	5	TD	96	5	0	0	0	18	2	20	0	0	0	0.9	0.1
9	GEW	B10	7	5	CR	96	5	0	33	0	3	0	36	0	0.916666667	0	0.083333333	0
9	GEW	C10	7	5	HU	96	5	0	115	0	0	0	115	0	1	0	0	0
9	GEW	D10	7	5	MP	96	5	0	46	0	17	0	63	0	0.73015873	0	0.26984127	0
9	GEW	E10	7	5	SC	96	5	0	0	0	16	0	16	0	0	0	1	0
9	GEW	F10	7	5	TD	96	5	0	0	0	53	3	56	0	0	0	0.946428571	0.053571429
7	GEW	B1	1	0	CR	96	NA	75	26	0	0	2	103	0.72815534	0.252427184	0	0	0.019417476
7	GEW	C1	1	0	HU	96	NA	0	157	0	0	0	157	0	1	0	0	0
7	GEW	D1	1	0	MP	96	NA	0	0	36	0	0	36	0	0	1	0	0
7	GEW	E1	1	0	SC	96	NA	2	23	0	42	1	68	0.029411765	0.338235294	0	0.617647059	0.014705882
7	GEW	F1	1	0	TD	96	NA	4	3	0	0	106	113	0.03539823	0.026548673	0	0	0.938053097
7	GEW	B3	1	2	CR	96	NA	21	22	0	3	0	46	0.456521739	0.47826087	0	0.065217391	0
7	GEW	C3	1	2	HU	96	NA	0	105	0	0	1	106	0	0.990566038	0	0	0.009433962
7	GEW	D3	1	2	MP	96	NA	1	0	11	0	3	15	0.066666667	0	0.733333333	0	0.2
7	GEW	E3	1	2	SC	96	NA	1	3	0	57	0	61	0.016393443	0.049180328	0	0.93442623	0
7	GEW	F3	1	2	TD	96	NA	2	4	0	1	77	84	0.023809524	0.047619048	0	0.011904762	0.916666667
7	GEW	B5	1	4	CR	96	NA	4	0	0	0	0	4	1	0	0	0	0
7	GEW	C5	1	4	HU	96	NA	0	37	0	1	3	41	0	0.902439024	0	0.024390244	0.073170732
7	GEW	D5	1	4	MP	96	NA	0	1	11	0	0	12	0	0.083333333	0.916666667	0	0
7	GEW	E5	1	4	SC	96	NA	0	0	0	39	0	39	0	0	0	1	0
7	GEW	F5	1	4	TD	96	NA	1	0	0	2	54	57	0.01754386	0	0	0.035087719	0.947368421
7	MER	B7	1	0	CR	96	NA	9	2	0	0	0	11	0.818181818	0.181818182	0	0	0
7	MER	C7	1	0	HU	96	NA	0	86	0	2	0	88	0	0.977272727	0	0.022727273	0
7	MER	D7	1	0	MP	96	NA	0	0	16	1	0	17	0	0	0.941176471	0.058823529	0
7	MER	E7	1	0	SC	96	NA	0	13	0	30	0	43	0	0.302325581	0	0.697674419	0
7	MER	F7	1	0	TD	96	NA	0	13	0	1	51	65	0	0.2	0	0.015384615	0.784615385
7	MER	B9	1	2	CR	96	NA	8	14	0	0	0	22	0.363636364	0.636363636	0	0	0
7	MER	C9	1	2	HU	96	NA	0	81	0	0	1	82	0	0.987804878	0	0	0.012195122
7	MER	D9	1	2	MP	96	NA	0	1	8	0	2	11	0	0.090909091	0.727272727	0	0.181818182
7	MER	E9	1	2	SC	96	NA	2	9	0	47	1	59	0.033898305	0.152542373	0	0.796610169	0.016949153
7	MER	F9	1	2	TD	96	NA	0	9	0	1	57	67	0	0.134328358	0	0.014925373	0.850746269
7	MER	B11	1	4	CR	96	NA	4	1	0	1	0	6	0.666666667	0.166666667	0	0.166666667	0
7	MER	C11	1	4	HU	96	NA	0	25	0	0	0	25	0	1	0	0	0
7	MER	D11	1	4	MP	96	NA	0	0	8	2	0	10	0	0	0.8	0.2	0
7	MER	E11	1	4	SC	96	NA	0	0	0	40	0	40	0	0	0	1	0
7	MER	F11	1	4	TD	96	NA	0	1	0	0	23	24	0	0.041666667	0	0	0.958333333
7	GEW	B1	2	0	CR	96	NA	36	102	0	0	8	146	0.246575342	0.698630137	0	0	0.054794521
7	GEW	C1	2	0	HU	96	NA	0	201	0	0	1	202	0	0.995049505	0	0	0.004950495
7	GEW	D1	2	0	MP	96	NA	2	0	40	4	0	46	0.043478261	0	0.869565217	0.086956522	0
7	GEW	E1	2	0	SC	96	NA	3	69	0	47	0	119	0.025210084	0.579831933	0	0.394957983	0
7	GEW	F1	2	0	TD	96	NA	13	2	0	0	190	205	0.063414634	0.009756098	0	0	0.926829268
7	GEW	B3	2	2	CR	96	NA	8	74	0	28	0	110	0.072727273	0.672727273	0	0.254545455	0
7	GEW	C3	2	2	HU	96	NA	0	143	0	6	0	149	0	0.959731544	0	0.040268456	0
7	GEW	D3	2	2	MP	96	NA	0	0	29	7	10	46	0	0	0.630434783	0.152173913	0.217391304
7	GEW	E3	2	2	SC	96	NA	0	18	0	123	0	141	0	0.127659574	0	0.872340426	0
7	GEW	F3	2	2	TD	96	NA	0	5	0	0	86	91	0	0.054945055	0	0	0.945054945
7	GEW	B5	2	4	CR	96	NA	3	38	0	69	0	110	0.027272727	0.345454545	0	0.627272727	0
7	GEW	C5	2	4	HU	96	NA	0	77	0	26	0	103	0	0.747572816	0	0.252427184	0
7	GEW	D5	2	4	MP	96	NA	0	6	14	80	2	102	0	0.058823529	0.137254902	0.784313725	0.019607843
7	GEW	E5	2	4	SC	96	NA	0	7	0	106	0	113	0	0.061946903	0	0.938053097	0
7	GEW	F5	2	4	TD	96	NA	1	1	0	10	73	85	0.011764706	0.011764706	0	0.117647059	0.858823529
7	MER	B7	2	0	CR	96	NA	2	56	0	10	0	68	0.029411765	0.823529412	0	0.147058824	0
7	MER	C7	2	0	HU	96	NA	0	103	0	0	1	104	0	0.990384615	0	0	0.009615385
7	MER	D7	2	0	MP	96	NA	0	0	37	17	1	55	0	0	0.672727273	0.309090909	0.018181818
7	MER	E7	2	0	SC	96	NA	0	42	1	78	0	121	0	0.347107438	0.008264463	0.644628099	0
7	MER	F7	2	0	TD	96	NA	0	110	0	2	57	169	0	0.650887574	0	0.01183432	0.337278107
7	MER	B9	2	2	CR	96	NA	3	53	0	7	0	63	0.047619048	0.841269841	0	0.111111111	0
7	MER	C9	2	2	HU	96	NA	0	140	0	0	0	140	0	1	0	0	0
7	MER	D9	2	2	MP	96	NA	1	0	24	27	0	52	0.019230769	0	0.461538462	0.519230769	0
7	MER	E9	2	2	SC	96	NA	0	105	0	118	2	225	0	0.466666667	0	0.524444444	0.008888889
7	MER	F9	2	2	TD	96	NA	0	34	0	4	45	83	0	0.409638554	0	0.048192771	0.542168675
7	MER	B11	2	4	CR	96	NA	3	13	0	32	0	48	0.0625	0.270833333	0	0.666666667	0
7	MER	C11	2	4	HU	96	NA	0	83	0	5	0	88	0	0.943181818	0	0.056818182	0
7	MER	D11	2	4	MP	96	NA	0	1	15	49	0	65	0	0.015384615	0.230769231	0.753846154	0
7	MER	E11	2	4	SC	96	NA	0	1	0	76	0	77	0	0.012987013	0	0.987012987	0
7	MER	F11	2	4	TD	96	NA	0	15	0	15	46	76	0	0.197368421	0	0.197368421	0.605263158
7	GEW	B1	3	0	CR	96	NA	12	134	0	16	0	162	0.074074074	0.827160494	0	0.098765432	0
7	GEW	C1	3	0	HU	96	NA	0	245	0	0	0	245	0	1	0	0	0
7	GEW	D1	3	0	MP	96	NA	0	0	34	9	0	43	0	0	0.790697674	0.209302326	0
7	GEW	E1	3	0	SC	96	NA	1	96	2	50	0	149	0.006711409	0.644295302	0.013422819	0.33557047	0
7	GEW	F1	3	0	TD	96	NA	33	0	4	0	33	70	0.471428571	0	0.057142857	0	0.471428571
7	GEW	B3	3	2	CR	96	NA	0	70	0	26	0	96	0	0.729166667	0	0.270833333	0
7	GEW	C3	3	2	HU	96	NA	0	96	0	5	0	101	0	0.95049505	0	0.04950495	0
7	GEW	D3	3	2	MP	96	NA	0	0	7	30	11	48	0	0	0.145833333	0.625	0.229166667
7	GEW	E3	3	2	SC	96	NA	0	60	0	92	0	152	0	0.394736842	0	0.605263158	0
7	GEW	F3	3	2	TD	96	NA	14	0	3	0	133	150	0.093333333	0	0.02	0	0.886666667
7	GEW	B5	3	4	CR	96	NA	0	62	0	64	0	126	0	0.492063492	0	0.507936508	0
7	GEW	C5	3	4	HU	96	NA	0	86	0	49	0	135	0	0.637037037	0	0.362962963	0
7	GEW	D5	3	4	MP	96	NA	0	19	1	71	0	91	0	0.208791209	0.010989011	0.78021978	0
7	GEW	E5	3	4	SC	96	NA	0	18	0	107	0	125	0	0.144	0	0.856	0
7	GEW	F5	3	4	TD	96	NA	0	0	0	9	122	131	0	0	0	0.06870229	0.93129771
7	MER	B7	3	0	CR	96	NA	1	114	0	7	0	122	0.008196721	0.93442623	0	0.057377049	0
7	MER	C7	3	0	HU	96	NA	0	89	0	2	0	91	0	0.978021978	0	0.021978022	0
7	MER	D7	3	0	MP	96	NA	0	0	13	13	1	27	0	0	0.481481481	0.481481481	0.037037037
7	MER	E7	3	0	SC	96	NA	0	73	0	22	0	95	0	0.768421053	0	0.231578947	0
7	MER	F7	3	0	TD	96	NA	0	139	1	0	32	172	0	0.808139535	0.005813953	0	0.186046512
7	MER	B9	3	2	CR	96	NA	0	102	0	13	0	115	0	0.886956522	0	0.113043478	0
7	MER	C9	3	2	HU	96	NA	0	95	0	2	0	97	0	0.979381443	0	0.020618557	0
7	MER	D9	3	2	MP	96	NA	0	1	21	35	2	59	0	0.016949153	0.355932203	0.593220339	0.033898305
7	MER	E9	3	2	SC	96	NA	0	72	0	34	0	106	0	0.679245283	0	0.320754717	0
7	MER	F9	3	2	TD	96	NA	0	98	0	27	0	125	0	0.784	0	0.216	0
7	MER	B11	3	4	CR	96	NA	0	49	1	44	0	94	0	0.521276596	0.010638298	0.468085106	0
7	MER	C11	3	4	HU	96	NA	0	96	0	13	0	109	0	0.880733945	0	0.119266055	0
7	MER	D11	3	4	MP	96	NA	0	2	4	79	0	85	0	0.023529412	0.047058824	0.929411765	0
7	MER	E11	3	4	SC	96	NA	0	6	0	82	0	88	0	0.068181818	0	0.931818182	0
7	MER	F11	3	4	TD	96	NA	0	107	0	54	0	161	0	0.664596273	0	0.335403727	0
7	GEW	B1	4	0	CR	96	NA	6	90	0	2	0	98	0.06122449	0.918367347	0	0.020408163	0
7	GEW	C1	4	0	HU	96	NA	0	166	0	1	0	167	0	0.994011976	0	0.005988024	0
7	GEW	D1	4	0	MP	96	NA	0	0	6	26	0	32	0	0	0.1875	0.8125	0
7	GEW	E1	4	0	SC	96	NA	0	132	0	15	0	147	0	0.897959184	0	0.102040816	0
7	GEW	F1	4	0	TD	96	NA	35	1	0	0	139	175	0.2	0.005714286	0	0	0.794285714
7	GEW	B3	4	2	CR	96	NA	0	111	0	34	0	145	0	0.765517241	0	0.234482759	0
7	GEW	C3	4	2	HU	96	NA	0	138	0	4	0	142	0	0.971830986	0	0.028169014	0
7	GEW	D3	4	2	MP	96	NA	0	3	6	37	4	50	0	0.06	0.12	0.74	0.08
7	GEW	E3	4	2	SC	96	NA	0	75	0	25	0	100	0	0.75	0	0.25	0
7	GEW	F3	4	2	TD	96	NA	4	0	2	0	88	94	0.042553191	0	0.021276596	0	0.936170213
7	GEW	B5	4	4	CR	96	NA	0	98	0	55	0	153	0	0.640522876	0	0.359477124	0
7	GEW	C5	4	4	HU	96	NA	0	76	0	23	0	99	0	0.767676768	0	0.232323232	0
7	GEW	D5	4	4	MP	96	NA	0	36	0	55	1	92	0	0.391304348	0	0.597826087	0.010869565
7	GEW	E5	4	4	SC	96	NA	0	73	0	38	0	111	0	0.657657658	0	0.342342342	0
7	GEW	F5	4	4	TD	96	NA	0	0	0	2	76	78	0	0	0	0.025641026	0.974358974
7	MER	B7	4	0	CR	96	NA	0	135	0	8	0	143	0	0.944055944	0	0.055944056	0
7	MER	C7	4	0	HU	96	NA	0	141	0	2	0	143	0	0.986013986	0	0.013986014	0
7	MER	D7	4	0	MP	96	NA	0	0	9	29	0	38	0	0	0.236842105	0.763157895	0
7	MER	E7	4	0	SC	96	NA	0	149	0	22	0	171	0	0.871345029	0	0.128654971	0
7	MER	F7	4	0	TD	96	NA	0	114	0	4	0	118	0	0.966101695	0	0.033898305	0
7	MER	B9	4	2	CR	96	NA	0	125	0	7	0	132	0	0.946969697	0	0.053030303	0
7	MER	C9	4	2	HU	96	NA	0	106	0	0	0	106	0	1	0	0	0
7	MER	D9	4	2	MP	96	NA	0	1	2	46	0	49	0	0.020408163	0.040816327	0.93877551	0
7	MER	E9	4	2	SC	96	NA	0	106	0	19	0	125	0	0.848	0	0.152	0
7	MER	F9	4	2	TD	96	NA	0	60	0	17	0	77	0	0.779220779	0	0.220779221	0
7	MER	B11	4	4	CR	96	NA	0	108	0	37	0	145	0	0.744827586	0	0.255172414	0
7	MER	C11	4	4	HU	96	NA	0	154	0	7	0	161	0	0.956521739	0	0.043478261	0
7	MER	D11	4	4	MP	96	NA	0	4	3	51	0	58	0	0.068965517	0.051724138	0.879310345	0
7	MER	E11	4	4	SC	96	NA	0	34	0	64	0	98	0	0.346938776	0	0.653061224	0
7	MER	F11	4	4	TD	96	NA	0	197	0	0	0	197	0	1	0	0	0
7	GEW	B1	5	0	CR	96	NA	1	169	0	5	0	175	0.005714286	0.965714286	0	0.028571429	0
7	GEW	C1	5	0	HU	96	NA	0	167	0	2	0	169	0	0.98816568	0	0.01183432	0
7	GEW	D1	5	0	MP	96	NA	0	0	11	46	0	57	0	0	0.192982456	0.807017544	0
7	GEW	E1	5	0	SC	96	NA	0	176	0	1	0	177	0	0.994350282	0	0.005649718	0
7	GEW	F1	5	0	TD	96	NA	43	3	0	0	82	128	0.3359375	0.0234375	0	0	0.640625
7	GEW	B3	5	2	CR	96	NA	1	149	0	19	0	169	0.00591716	0.881656805	0	0.112426036	0
7	GEW	C3	5	2	HU	96	NA	0	103	0	10	0	113	0	0.911504425	0	0.088495575	0
7	GEW	D3	5	2	MP	96	NA	0	4	3	45	0	52	0	0.076923077	0.057692308	0.865384615	0
7	GEW	E3	5	2	SC	96	NA	0	103	0	14	0	117	0	0.88034188	0	0.11965812	0
7	GEW	F3	5	2	TD	96	NA	16	0	0	0	65	81	0.197530864	0	0	0	0.802469136
7	GEW	B5	5	4	CR	96	NA	0	119	0	11	0	130	0	0.915384615	0	0.084615385	0
7	GEW	C5	5	4	HU	96	NA	0	71	0	23	0	94	0	0.755319149	0	0.244680851	0
7	GEW	D5	5	4	MP	96	NA	0	83	0	32	0	115	0	0.72173913	0	0.27826087	0
7	GEW	E5	5	4	SC	96	NA	0	139	0	17	0	156	0	0.891025641	0	0.108974359	0
7	GEW	F5	5	4	TD	96	NA	3	5	0	4	110	122	0.024590164	0.040983607	0	0.032786885	0.901639344
7	MER	B7	5	0	CR	96	NA	0	121	0	2	0	123	0	0.983739837	0	0.016260163	0
7	MER	C7	5	0	HU	96	NA	0	114	0	0	0	114	0	1	0	0	0
7	MER	D7	5	0	MP	96	NA	0	1	9	44	0	54	0	0.018518519	0.166666667	0.814814815	0
7	MER	E7	5	0	SC	96	NA	0	156	0	0	0	156	0	1	0	0	0
7	MER	F7	5	0	TD	96	NA	0	199	0	0	4	203	0	0.980295567	0	0	0.019704433
7	MER	B9	5	2	CR	96	NA	0	93	0	10	0	103	0	0.902912621	0	0.097087379	0
7	MER	C9	5	2	HU	96	NA	0	121	0	1	0	122	0	0.991803279	0	0.008196721	0
7	MER	D9	5	2	MP	96	NA	0	22	1	74	0	97	0	0.226804124	0.010309278	0.762886598	0
7	MER	E9	5	2	SC	96	NA	0	134	0	20	0	154	0	0.87012987	0	0.12987013	0
7	MER	F9	5	2	TD	96	NA	0	167	2	0	3	172	0	0.970930233	0.011627907	0	0.01744186
7	MER	B11	5	4	CR	96	NA	0	145	0	11	0	156	0	0.929487179	0	0.070512821	0
7	MER	C11	5	4	HU	96	NA	0	92	0	2	0	94	0	0.978723404	0	0.021276596	0
7	MER	D11	5	4	MP	96	NA	0	25	2	62	0	89	0	0.280898876	0.02247191	0.696629213	0
7	MER	E11	5	4	SC	96	NA	0	109	0	28	0	137	0	0.795620438	0	0.204379562	0
7	MER	F11	5	4	TD	96	NA	0	171	0	11	0	182	0	0.93956044	0	0.06043956	0
7	GEW	B1	6	0	CR	96	NA	0	493	0	10	0	503	0	0.980119284	0	0.019880716	0
7	GEW	C1	6	0	HU	96	NA	0	375	0	0	0	375	0	1	0	0	0
7	GEW	D1	6	0	MP	96	NA	0	0	22	55	0	77	0	0	0.285714286	0.714285714	0
7	GEW	E1	6	0	SC	96	NA	0	341	0	4	0	345	0	0.988405797	0	0.011594203	0
7	GEW	F1	6	0	TD	96	NA	93	52	0	0	61	206	0.451456311	0.252427184	0	0	0.296116505
7	GEW	B3	6	2	CR	96	NA	6	276	0	12	0	294	0.020408163	0.93877551	0	0.040816327	0
7	GEW	C3	6	2	HU	96	NA	0	94	0	29	0	123	0	0.764227642	0	0.235772358	0
7	GEW	D3	6	2	MP	96	NA	0	10	1	24	0	35	0	0.285714286	0.028571429	0.685714286	0
7	GEW	E3	6	2	SC	96	NA	0	247	0	14	0	261	0	0.946360153	0	0.053639847	0
7	GEW	F3	6	2	TD	96	NA	55	6	2	0	101	164	0.335365854	0.036585366	0.012195122	0	0.615853659
7	GEW	B5	6	4	CR	96	NA	0	150	0	9	0	159	0	0.943396226	0	0.056603774	0
7	GEW	C5	6	4	HU	96	NA	0	78	0	20	0	98	0	0.795918367	0	0.204081633	0
7	GEW	D5	6	4	MP	96	NA	0	156	0	34	0	190	0	0.821052632	0	0.178947368	0
7	GEW	E5	6	4	SC	96	NA	0	172	0	14	0	186	0	0.924731183	0	0.075268817	0
7	GEW	F5	6	4	TD	96	NA	0	110	1	4	32	147	0	0.74829932	0.006802721	0.027210884	0.217687075
7	MER	B7	6	0	CR	96	NA	0	303	0	5	0	308	0	0.983766234	0	0.016233766	0
7	MER	C7	6	0	HU	96	NA	0	239	0	1	0	240	0	0.995833333	0	0.004166667	0
7	MER	D7	6	0	MP	96	NA	0	0	9	59	0	68	0	0	0.132352941	0.867647059	0
7	MER	E7	6	0	SC	96	NA	0	238	0	8	0	246	0	0.967479675	0	0.032520325	0
7	MER	F7	6	0	TD	96	NA	0	338	0	5	0	343	0	0.985422741	0	0.014577259	0
7	MER	B9	6	2	CR	96	NA	0	157	0	10	0	167	0	0.94011976	0	0.05988024	0
7	MER	C9	6	2	HU	96	NA	0	230	0	3	0	233	0	0.987124464	0	0.012875536	0
7	MER	D9	6	2	MP	96	NA	0	79	0	104	0	183	0	0.431693989	0	0.568306011	0
7	MER	E9	6	2	SC	96	NA	0	300	0	25	0	325	0	0.923076923	0	0.076923077	0
7	MER	F9	6	2	TD	96	NA	0	326	0	2	0	328	0	0.993902439	0	0.006097561	0
7	MER	B11	6	4	CR	96	NA	0	244	0	31	0	275	0	0.887272727	0	0.112727273	0
7	MER	C11	6	4	HU	96	NA	0	271	0	3	0	274	0	0.989051095	0	0.010948905	0
7	MER	D11	6	4	MP	96	NA	0	90	0	79	0	169	0	0.532544379	0	0.467455621	0
7	MER	E11	6	4	SC	96	NA	0	31	0	20	0	51	0	0.607843137	0	0.392156863	0
7	MER	F11	6	4	TD	96	NA	0	239	0	6	2	247	0	0.967611336	0	0.024291498	0.008097166
7	GEW	B1	7	0	CR	96	NA	0	158	0	0	0	158	0	1	0	0	0
7	GEW	C1	7	0	HU	96	NA	0	146	0	0	0	146	0	1	0	0	0
7	GEW	D1	7	0	MP	96	NA	0	0	7	39	0	46	0	0	0.152173913	0.847826087	0
7	GEW	E1	7	0	SC	96	NA	0	128	0	0	0	128	0	1	0	0	0
7	GEW	F1	7	0	TD	96	NA	0	115	0	5	0	120	0	0.958333333	0	0.041666667	0
7	GEW	B3	7	2	CR	96	NA	0	107	0	8	0	115	0	0.930434783	0	0.069565217	0
7	GEW	C3	7	2	HU	96	NA	0	68	0	20	0	88	0	0.772727273	0	0.227272727	0
7	GEW	D3	7	2	MP	96	NA	0	5	5	15	0	25	0	0.2	0.2	0.6	0
7	GEW	E3	7	2	SC	96	NA	0	157	0	8	0	165	0	0.951515152	0	0.048484848	0
7	GEW	F3	7	2	TD	96	NA	0	28	0	65	0	93	0	0.301075269	0	0.698924731	0
7	GEW	B5	7	4	CR	96	NA	0	115	0	11	0	126	0	0.912698413	0	0.087301587	0
7	GEW	C5	7	4	HU	96	NA	0	71	0	5	0	76	0	0.934210526	0	0.065789474	0
7	GEW	D5	7	4	MP	96	NA	0	63	0	5	0	68	0	0.926470588	0	0.073529412	0
7	GEW	E5	7	4	SC	96	NA	0	84	0	4	0	88	0	0.954545455	0	0.045454545	0
7	GEW	F5	7	4	TD	96	NA	0	55	0	12	0	67	0	0.820895522	0	0.179104478	0
7	MER	B7	7	0	CR	96	NA	0	84	0	3	0	87	0	0.965517241	0	0.034482759	0
7	MER	C7	7	0	HU	96	NA	0	121	0	2	0	123	0	0.983739837	0	0.016260163	0
7	MER	D7	7	0	MP	96	NA	0	0	1	18	0	19	0	0	0.052631579	0.947368421	0
7	MER	E7	7	0	SC	96	NA	0	79	0	2	0	81	0	0.975308642	0	0.024691358	0
7	MER	F7	7	0	TD	96	NA	0	101	0	0	0	101	0	1	0	0	0
7	MER	B9	7	2	CR	96	NA	0	112	0	8	0	120	0	0.933333333	0	0.066666667	0
7	MER	C9	7	2	HU	96	NA	0	129	0	1	0	130	0	0.992307692	0	0.007692308	0
7	MER	D9	7	2	MP	96	NA	0	64	0	32	0	96	0	0.666666667	0	0.333333333	0
7	MER	E9	7	2	SC	96	NA	0	107	0	5	0	112	0	0.955357143	0	0.044642857	0
7	MER	F9	7	2	TD	96	NA	0	116	0	0	0	116	0	1	0	0	0
7	MER	B11	7	4	CR	96	NA	0	96	0	6	0	102	0	0.941176471	0	0.058823529	0
7	MER	C11	7	4	HU	96	NA	0	94	0	0	0	94	0	1	0	0	0
7	MER	D11	7	4	MP	96	NA	0	85	0	23	0	108	0	0.787037037	0	0.212962963	0
7	MER	E11	7	4	SC	96	NA	0	103	0	7	0	110	0	0.936363636	0	0.063636364	0
7	MER	F11	7	4	TD	96	NA	0	129	0	5	0	134	0	0.962686567	0	0.037313433	0
7	GEW	B1	7	0	CR	96	NA	0	142	0	2	0	144	0	0.986111111	0	0.013888889	0
7	GEW	C1	7	0	HU	96	NA	0	124	0	1	0	125	0	0.992	0	0.008	0
7	GEW	D1	7	0	MP	96	NA	0	0	4	23	0	27	0	0	0.148148148	0.851851852	0
7	GEW	E1	7	0	SC	96	NA	0	41	0	5	0	46	0	0.891304348	0	0.108695652	0
7	GEW	F1	7	0	TD	96	NA	0	33	0	57	0	90	0	0.366666667	0	0.633333333	0
7	GEW	B3	7	2	CR	96	NA	0	107	0	9	0	116	0	0.922413793	0	0.077586207	0
7	GEW	C3	7	2	HU	96	NA	0	71	0	2	0	73	0	0.97260274	0	0.02739726	0
7	GEW	D3	7	2	MP	96	NA	0	62	1	14	0	77	0	0.805194805	0.012987013	0.181818182	0
7	GEW	E3	7	2	SC	96	NA	0	73	0	5	0	78	0	0.935897436	0	0.064102564	0
7	GEW	F3	7	2	TD	96	NA	0	72	0	15	0	87	0	0.827586207	0	0.172413793	0
7	GEW	B5	7	4	CR	96	NA	0	103	0	5	0	108	0	0.953703704	0	0.046296296	0
7	GEW	C5	7	4	HU	96	NA	0	52	0	3	0	55	0	0.945454545	0	0.054545455	0
7	GEW	D5	7	4	MP	96	NA	0	48	0	7	0	55	0	0.872727273	0	0.127272727	0
7	GEW	E5	7	4	SC	96	NA	0	41	0	4	0	45	0	0.911111111	0	0.088888889	0
7	GEW	F5	7	4	TD	96	NA	0	60	0	6	0	66	0	0.909090909	0	0.090909091	0
7	MER	B7	7	0	CR	96	NA	0	114	0	0	0	114	0	1	0	0	0
7	MER	C7	7	0	HU	96	NA	0	71	0	0	0	71	0	1	0	0	0
7	MER	D7	7	0	MP	96	NA	0	0	0	42	0	42	0	0	0	1	0
7	MER	E7	7	0	SC	96	NA	0	118	0	2	0	120	0	0.983333333	0	0.016666667	0
7	MER	F7	7	0	TD	96	NA	0	90	0	1	0	91	0	0.989010989	0	0.010989011	0
7	MER	B9	7	2	CR	96	NA	0	91	0	1	0	92	0	0.989130435	0	0.010869565	0
7	MER	C9	7	2	HU	96	NA	0	91	0	0	0	91	0	1	0	0	0
7	MER	D9	7	2	MP	96	NA	0	45	0	27	0	72	0	0.625	0	0.375	0
7	MER	E9	7	2	SC	96	NA	0	125	0	5	0	130	0	0.961538462	0	0.038461538	0
7	MER	F9	7	2	TD	96	NA	0	124	0	5	0	129	0	0.96124031	0	0.03875969	0
7	MER	B11	7	4	CR	96	NA	0	101	0	20	0	121	0	0.834710744	0	0.165289256	0
7	MER	C11	7	4	HU	96	NA	0	114	0	3	0	117	0	0.974358974	0	0.025641026	0
7	MER	D11	7	4	MP	96	NA	0	74	0	12	0	86	0	0.860465116	0	0.139534884	0
7	MER	E11	7	4	SC	96	NA	0	117	0	9	0	126	0	0.928571429	0	0.071428571	0
7	MER	F11	7	4	TD	96	NA	0	110	0	3	0	113	0	0.973451327	0	0.026548673	0
6	GEW	A1	7	0	CR	96	NA	NA	NA	NA	NA	NA	NA	0	0.932	0	0.068	0
6	GEW	A2	7	0	CR	96	NA	NA	NA	NA	NA	NA	NA	0	0.828	0	0.172	0
6	GEW	A3	7	1	CR	96	NA	NA	NA	NA	NA	NA	NA	0	0.746	0	0.254	0
6	GEW	A4	7	1	CR	96	NA	NA	NA	NA	NA	NA	NA	0	0.821	0	0.179	0
6	GEW	A5	7	2	CR	96	NA	NA	NA	NA	NA	NA	NA	0	0.707	0	0.293	0
6	GEW	A6	7	2	CR	96	NA	NA	NA	NA	NA	NA	NA	0	0.515	0	0.485	0
6	GEW	A7	7	3	CR	96	NA	NA	NA	NA	NA	NA	NA	0	0.771	0	0.229	0
6	GEW	A8	7	3	CR	96	NA	NA	NA	NA	NA	NA	NA	0	0.5	0	0.5	0
6	GEW	A9	7	4	CR	96	NA	NA	NA	NA	NA	NA	NA	0	0.091	0	0.909	0
6	GEW	A10	7	4	CR	96	NA	NA	NA	NA	NA	NA	NA	0	0.05	0	0.95	0
6	GEW	A11	7	5	CR	96	NA	NA	NA	NA	NA	NA	NA	0	0	0	1	0
6	GEW	A12	7	5	CR	96	NA	NA	NA	NA	NA	NA	NA	0	0.05	0	0.95	0
6	GEW	B1	7	0	HU	96	NA	NA	NA	NA	NA	NA	NA	0	0.797	0	0.203	0
6	GEW	B2	7	0	HU	96	NA	NA	NA	NA	NA	NA	NA	0	0.707	0	0.293	0
6	GEW	B3	7	1	HU	96	NA	NA	NA	NA	NA	NA	NA	0	0.678	0	0.322	0
6	GEW	B4	7	1	HU	96	NA	NA	NA	NA	NA	NA	NA	0	0.68	0	0.32	0
6	GEW	B5	7	2	HU	96	NA	NA	NA	NA	NA	NA	NA	0	0.559	0	0.441	0
6	GEW	B6	7	2	HU	96	NA	NA	NA	NA	NA	NA	NA	0	0.435	0	0.565	0
6	GEW	B7	7	3	HU	96	NA	NA	NA	NA	NA	NA	NA	0	0.25	0	0.75	0
6	GEW	B8	7	3	HU	96	NA	NA	NA	NA	NA	NA	NA	0	0.321	0	0.679	0
6	GEW	B9	7	4	HU	96	NA	NA	NA	NA	NA	NA	NA	0.025	0.025	0	0.95	0
6	GEW	B10	7	4	HU	96	NA	NA	NA	NA	NA	NA	NA	0	0	0	1	0
6	GEW	B11	7	5	HU	96	NA	NA	NA	NA	NA	NA	NA	0	0	0	1	0
6	GEW	B12	7	5	HU	96	NA	NA	NA	NA	NA	NA	NA	0	0.05	0	0.95	0
6	GEW	C1	7	0	MP	96	NA	NA	NA	NA	NA	NA	NA	0	0	0.273	0.614	0.114
6	GEW	C2	7	0	MP	96	NA	NA	NA	NA	NA	NA	NA	0	0.049	0.22	0.732	0
6	GEW	C3	7	1	MP	96	NA	NA	NA	NA	NA	NA	NA	0	0	0.043	0.957	0
6	GEW	C4	7	1	MP	96	NA	NA	NA	NA	NA	NA	NA	0.017	0	0.067	0.833	0.083
6	GEW	C5	7	2	MP	96	NA	NA	NA	NA	NA	NA	NA	0	0.087	0.109	0.761	0.043
6	GEW	C6	7	2	MP	96	NA	NA	NA	NA	NA	NA	NA	0.024	0	0	0.951	0.024
6	GEW	C7	7	3	MP	96	NA	NA	NA	NA	NA	NA	NA	0	0	0	0.949	0.051
6	GEW	C8	7	3	MP	96	NA	NA	NA	NA	NA	NA	NA	0	0	0	1	0
6	GEW	C9	7	4	MP	96	NA	NA	NA	NA	NA	NA	NA	0	0	0	1	0
6	GEW	C10	7	4	MP	96	NA	NA	NA	NA	NA	NA	NA	0	0	0	1	0
6	GEW	C11	7	5	MP	96	NA	NA	NA	NA	NA	NA	NA	0	0	0	1	0
6	GEW	C12	7	5	MP	96	NA	NA	NA	NA	NA	NA	NA	0	0	0	1	0
6	GEW	D1	7	0	SC	96	NA	NA	NA	NA	NA	NA	NA	0	0.524	0	0.476	0
6	GEW	D2	7	0	SC	96	NA	NA	NA	NA	NA	NA	NA	0	0.5	0	0.5	0
6	GEW	D3	7	1	SC	96	NA	NA	NA	NA	NA	NA	NA	0	0.357	0	0.643	0
6	GEW	D4	7	1	SC	96	NA	NA	NA	NA	NA	NA	NA	0	0.654	0	0.346	0
6	GEW	D5	7	2	SC	96	NA	NA	NA	NA	NA	NA	NA	0	0.433	0	0.567	0
6	GEW	D6	7	2	SC	96	NA	NA	NA	NA	NA	NA	NA	0	0	0	1	0
6	GEW	D7	7	3	SC	96	NA	NA	NA	NA	NA	NA	NA	0	0.021	0	0.979	0
6	GEW	D8	7	3	SC	96	NA	NA	NA	NA	NA	NA	NA	0	0	0	1	0
6	GEW	D9	7	4	SC	96	NA	NA	NA	NA	NA	NA	NA	0	0	0.018	0.982	0
6	GEW	D10	7	4	SC	96	NA	NA	NA	NA	NA	NA	NA	0	0	0	1	0
6	GEW	D11	7	5	SC	96	NA	NA	NA	NA	NA	NA	NA	0	0	0	1	0
6	GEW	D12	7	5	SC	96	NA	NA	NA	NA	NA	NA	NA	0	0	0	1	0
6	GEW	E1	7	0	TD	96	NA	NA	NA	NA	NA	NA	NA	0.387	0	0.022	0	0.591
6	GEW	E2	7	0	TD	96	NA	NA	NA	NA	NA	NA	NA	0.015	0	0	0	0.985
6	GEW	E3	7	1	TD	96	NA	NA	NA	NA	NA	NA	NA	0	0	0	0	1
6	GEW	E4	7	1	TD	96	NA	NA	NA	NA	NA	NA	NA	0	0	0	0	1
6	GEW	E5	7	2	TD	96	NA	NA	NA	NA	NA	NA	NA	0	0	0	0	1
6	GEW	E6	7	2	TD	96	NA	NA	NA	NA	NA	NA	NA	0	0	0	0	1
6	GEW	E7	7	3	TD	96	NA	NA	NA	NA	NA	NA	NA	0.017	0	0	0.78	0.203
6	GEW	E8	7	3	TD	96	NA	NA	NA	NA	NA	NA	NA	0	0	0	0.98	0.02
6	GEW	E9	7	4	TD	96	NA	NA	NA	NA	NA	NA	NA	0	0	0	1	0
6	GEW	E10	7	4	TD	96	NA	NA	NA	NA	NA	NA	NA	0	0	0	1	0
6	GEW	E11	7	5	TD	96	NA	NA	NA	NA	NA	NA	NA	0	0	0	0	1
6	GEW	E12	7	5	TD	96	NA	NA	NA	NA	NA	NA	NA	0	0	0	0	1
6B	GEW	F1	7	0	TD	99.6	NA	NA	NA	NA	NA	NA	NA	0.374	0	0	0	0.626
6B	GEW	F2	7	0	TD	99.6	NA	NA	NA	NA	NA	NA	NA	0	0	0	0	1
6B	GEW	F3	7	1	TD	99.6	NA	NA	NA	NA	NA	NA	NA	0	0	0	0	1
6B	GEW	F4	7	1	TD	99.6	NA	NA	NA	NA	NA	NA	NA	0	0	0	0	1
6B	GEW	F5	7	2	TD	99.6	NA	NA	NA	NA	NA	NA	NA	0	0	0	0	1
6B	GEW	F6	7	2	TD	99.6	NA	NA	NA	NA	NA	NA	NA	0	0	0	0	1
6B	GEW	F7	7	3	TD	99.6	NA	NA	NA	NA	NA	NA	NA	0	0	0	0.019	0.981
6B	GEW	F8	7	3	TD	99.6	NA	NA	NA	NA	NA	NA	NA	0	0	0	0.976	0.024
6B	GEW	F9	7	4	TD	99.6	NA	NA	NA	NA	NA	NA	NA	0.019	0	0	0.981	0
6B	GEW	F10	7	4	TD	99.6	NA	NA	NA	NA	NA	NA	NA	0	0	0	1	0
6B	GEW	F11	7	5	TD	99.6	NA	NA	NA	NA	NA	NA	NA	0	0	0	1	0
6B	GEW	F12	7	5	TD	99.6	NA	NA	NA	NA	NA	NA	NA	0	0	0	1	0
6B	GEW	G1	7	0	MP	99.6	NA	NA	NA	NA	NA	NA	NA	0	0	0.811	0.189	0
6B	GEW	G2	7	0	MP	99.6	NA	NA	NA	NA	NA	NA	NA	0.031	0	0.594	0.375	0
6B	GEW	G3	7	1	MP	99.6	NA	NA	NA	NA	NA	NA	NA	0	0	0.353	0.647	0
6B	GEW	G4	7	1	MP	99.6	NA	NA	NA	NA	NA	NA	NA	0	0	0.233	0.767	0
6B	GEW	G5	7	2	MP	99.6	NA	NA	NA	NA	NA	NA	NA	0	0	0.536	0.464	0
6B	GEW	G6	7	2	MP	99.6	NA	NA	NA	NA	NA	NA	NA	0	0	0.185	0.815	0
6B	GEW	G7	7	3	MP	99.6	NA	NA	NA	NA	NA	NA	NA	0	0.043	0	0.936	0.021
6B	GEW	G8	7	3	MP	99.6	NA	NA	NA	NA	NA	NA	NA	0	0.025	0	0.975	0
6B	GEW	G9	7	4	MP	99.6	NA	NA	NA	NA	NA	NA	NA	0	0	0	1	0
6B	GEW	G10	7	4	MP	99.6	NA	NA	NA	NA	NA	NA	NA	0	0	0	1	0
6B	GEW	G11	7	5	MP	99.6	NA	NA	NA	NA	NA	NA	NA	0	0	0	1	0
6B	GEW	G12	7	5	MP	99.6	NA	NA	NA	NA	NA	NA	NA	0	0	0	1	0